11111110111111001110111011110111110110100110111110101111011011001111111101001100
11011100111111111001011000010110101111110110101110111111111011110010111011110110
11100010100111011101010101110100101111001100101111111100101101110001101001010110
11101111110111101001111001111110010101111111101101100001101111110011101101111000
01110001110010011111010111101101111111110110010001111111011100100100011100111110
10111111011111010100001101101111110011001111101101011111110101110101111101001100
10000001111110110100101101101111010011100111011011101110111111010111011111000110
10111000101111111011110111011011000011111011111111101111111010011111111101100100
10110010110110011101011001100011011010111101111110111011011110010110111101111110
00010111110110000010101111111110001110111110111110101110111110100111011101000110
11000001010111011010001111011101000101110011110110111011111110010101110111011110
10100010101100111110011101111110111110001111110100011011110010110011110010101110
01111111111011101111111010110101110110010100011110111111011111101101010110110110
11111111110010100001110011101100111110111010111101111101110010111111111111111000
10000110101100011111111110001111001101110110001101001010110010110111100101110010
01111111101111011111111111110111101110111011111110000011111101011101100100101110
01110101011111010111110100011101101111100111111001011011100111111111101110111100
00010111111101001011110001101111001011011010101011111101110010100011001110111000
01101110011001111101111011111111111101111001001100101001111111101111100111101110
11011001110101111101111110100111111010000111010010110011111110101101001110001100
11101010101101011111001101111011110111010100001101101100110101101100111111111010
11111011001111110111011110110101111011101111110000110010101100100001011110111110
01111101111110011010110101111110111011111110111111110101111111110111001011010100
11111000011111011111101111011110110100101100011001000111000111000100101110101110
11110111011010101111111101010111111011111110111101111011101110010111110111111100
11010101100000011101011011111111011011101001001110111010111010111010110000010100
10101011110111101101011000010011011101110111101110011111111100101100111001111010
10111111111111110111010101101010001101110010110111011101001111101000100100011100
11000000111110111110101001111111000011101011001011100111111111111000111111111000
01111100111111110111011111011111000111101110101110100101000101110001100010000000
10111011011010101111101110001100110011001111100111111011000101010010011100111010
11000011010101101010101101110101111110110111111110011101111101010111111111101100
11011111100110111111101101010011101011011101101011100111110111001011101010000000
01111101111010110110011100110110111100111101111011111111010111110110111000000010
01010010111111001111111101111100001110011001101110110101011111101111111101110110
11010101100100110111010110010111011101111111111110001111000011010111011011010110
10111101111111001111110111111110111010111111110100110010100000000111111110110100
10010011100111110110111111010101100111100101111001011101000000110110011111100110
11001111100101101110111101001101011011010011111101101110110011101011110111000100
10110101101110101111010111011010011101110011101101010110011011110000110100110110
01110000111110001110111010111101011111011010010011101111110001110011101101110110
10100111111111100110110111010101110111111011001101111100011010011110110001010010
01010111111111010011100001101011000001111000100101010110101011111111101010111100
10111111111101011110111101000011111100101011111100111111110011011011110100011010
10011010000001010011011110111101011000100111000111111110111010110111110101111110
01101101101011111101111110110111111011101111001000010100111011001011111110010110
01110011111111100101100110011101001010001100001110111101111001011001111000000110
01100011111110010110001011110110001110100000001110101011111110001010110111111100
11011101011000110010010010110111110111101100111111111111011011110000111010011110
11111111101111111111001111111111101110101101101101100101100011110110111010101010
01110101011001111110100011001111001011011101010001011011001101010111011011111110
00010100111111010010101111110011111111101111111111100110111110011001011110011110
11011110000010011110001010011101110011011011010001010011000110011111010111110000
11011111101110011000111100001101100100010110011011011111011001110101011111111010
10101001111111011010101100111101000111000111110101110111111001110101111111111010
10110100111011010111111100111111111111111110110100111101010011110111101111110000
00110010111111110001110011101001111011101100010111011111111110111100111101110110
10011111111000111011001111100101111011101001111011111011111101101010111100011110
01101110101110011111111101001101111111011111110001111111011011000111010100111110
10001000011011101111110010001101111111000010111011011110010011101111111101101000
01101111001110110111000011011110011111001010011011110101110010111111111011111110
00100111111111111001111011111110100111001111001101010010000101111011111101111110
10001101011111011010111111000110110111110101110111101101011011011111001111111000
01111100011100101001010111010001011101110010001001111110011011111111100110111100
11111100100011111011111110001100011111101111011101001111101111111111001100111010
10111011100110111011111110111101111101111011011011010111001001011111001101011110
01010111100111111010111111101111111000011100000001111001001011110111111111111000
10000100011100001110110001010101001101110101111110111110101101111111101001011010
11101110100111011011011011111111100101111111100010011001010110101011100100001110
10111000100010110111010111100110011001111001111010111001111110010111110111101010
10000100010000101111110101111110111101010011111011111101110011111001101110011000
10011011001110111001101001111111001011101110101110111100011001010111111111110110
10011100111001111000111100001111111111111110101111110001111111010110011111101010
01111011101111100111110101101101101101110110000101011011001110111001101101110110
11011111111111011011111011110101110101111010101111110010111100111001111101111110
10111111111111001100110101101010000111110011101010010101000111111001111101101110
10001111111000111010111001110010011011111100111100111110011101101110110111010110
00111110001111111110010101101000110000110100100000011010011111110111011101011110
00111101111011011111010001111111001101110110011011011111101110010111111011110000
11111111111111111111111111111111111111111111111111111111111111111111111111111010