31313312311133223332311213312313332332122332313312321133213211223331133123221122
11233322331313333221213222212112121333312112323332313111311233332212111213132312
31322212122131233323232123312122123331221322321311111122123123312221323223232332
13321311132311321221111223113312212321313111321123322223321111132213123321331222
21132223112212231113212311121123311331132112232223331313231122322122213322311132
12333113213111212122223323321111332233221111321321211333112323132323333123223122
32222223313112312322321123121113232211122333233233321132331313232111211113222112
12133222323313331211132331211213222211131233111133121313333212231113113321322122
12332232312132211121233223122233233212311321331312311231233312212332133123333312
22232313112312222232321111131112221332333132113132323132313312322133213323222332
11222223232333211212223111231321222321132233112332313211133312232323312333213112
12322232321122111312231323311332333332223333312322233211112232132213112232121332
21311133133211121113111232112321312132232122233312133131231131121321212112312312
13111311312212122223112213321322333112133232331323133323312212331313113111331222
32222332121322231331133132223331223121312332221121223232332212332113122321112232
21313331123333211331113333332133121132313211113312222213133321211121322322123112
23112321231133232131132122231321123113322311111223233213122113333111123112113322
22232311111123223211332221321333223231231232123231313323312232122233221112133222
23121312211223333323131211131313111123311221223122123221311333323331322131323332
31233223312321113123313132322111311212222313232232332233313332121321221112221122
33321232323323213331221121331233312133212122223321121122332121121122333131111212
13311211223131132113211332132123311231121113132222112232323122122223233312313312
23131323331132213212112323311332311233331312331133312323331331112333221213232322
31133222231131231113121133213112312122323122233221222311222133222322321132123312
33112111233212321311311121232131333231113112313323333233321132232313332311131322
13232121122222211121211231333111231231123221221312331212331232113232312222212322
12123231332131323321231222212211231323132333321332213111133322321122311223311212
12111113313331332311232121121212221123332212332331211323221311123222122322231322
11222222333332333312123223111313222211121213223233122133113133331222111131333222
23133122131113332113211131211313222113121312321332122321222121112221322212222222
32331233231232323131321132223322312213221131322331313233222121232232211122133212
33222211212121323212323321132323333312332133333112231123313323212313113133121122
31213311322112313333323123232211121211231323321233322313312311221213123232222222
23331321313212312332231322332112111322333323113233313311212333112132133222222232
23212212131131221113333323113322223132213223123332312323231331323311131123132332
11212123322122132111212312212313231321313131113312223113222213212313233231212112
32313123331131223111132311131132331212131111332322312212322222222111111332132122
12232213322311312132313333232323122331122323111223211321222222332132213333322332
31221131122323121132111323221321213233212211333321321132332211321231132113222122
32332121321132121133232113231232233323312233121123212332233213132222332322332132
21312222131132223332311212113123233113233212232213323133332221132231321321312112
12322331333131122132112333212321132313313233221323313122213232211312332221232232
21232331331113212231322223321231222221113222122323232112321233111333323212333122
32133313311121211132111123222213311122123213113122313111132233211231132122213212
12213212222221212233213112311321213222122331222133333332311212332133132321333312
21123121123233333323131312112313113213321313223222232122331233223211311112232112
23312211331131322321322112233323221212221322221312313323111223213221111222222332
21122211113112232112223213332332221332122222221332123213313312223232332111331122
13231323213222312232232232332313112313323322313331113333213231132222311232231332
33313331323133333111221333311331321332121321123121322123122211132132133232123232
23112321231221313312322211223313221231211121212223211211223121232331231233133132
22232322313311232212321331332211113311321311111313322332311112231223213132213132
33233312222232233332221212231123112231211211232223212211222332211331212313312222
33231131321112233222133322221121322122232332233213233311233223132121231331331212
12121221333113211212121122131123222333222131112121332113333223112123113111111232
32132322131211212313113322131133131131131332332322311321232213312333123113112222
22112212113131332223332211321223133213123122232333233313313332313122333323112312
32213311333222331233223313322321113211321223313233333213313323323232131322213132
21321112323332213113111321223121131133231131312223333313213233222313212322331312
12221222211211123111112232223321111133222212333231231132232233321313313323123222
23121133223112312133222211211312231133223212211233112321332232133331133213111312
22322331131113313221313211333132322333223133221323212212222323113211313121131112
12223323233111211212133133222132312133332321332311123321233233231113223113311222
21131322211322323221212133212221231121112212223221311312213233111331322332133322
13113322322233133211111312221322233111123311233321221331123133133131221322133212
12333211322312333233313132131121311121311233211231212133223221211113223321231112
21212133322111331232331111321111311222231122222221113221223213112111133133113222
12222322233122223132312223212323223123332321313312313332323121111311123221231232
33123332122311231233211233333313322121333111122212213221212112123213122122223112
12313222322212132333212131322312233221331223311212313223311312212131312113323212
32222322232222323311132123111312313321212233113231311123132233133221123332213222
32211213221332133223121221333133221233121112323132133322213223232331131331312112
12231322311223131222333322221333111331111132323313112223131311232312233133323212
23111211123111122131312123321121121321332132222121211211223332331223321323312332
13231313131333233211331233312321112323111232121331312232331122333223313121113332
12331111311333221122332123321212222333112231323212212121222313133221113123323112
32223133313222333212331223332212211211111322311122311132233323123112132111232332
22131332223111113332232321123222112222312322322222231212213131132131231323231312
22313123131213213131232223333313221323332332211213231333323132212133311233132222
11111111111111111111111111111111111111111111111111111111111111111111111111111110